  0.000000  0.749020  0.000000  1.000000
  0.000000  0.776471  0.000000  1.000000
  0.000000  0.831373  0.000000  1.000000
  0.000000  0.890196  0.000000  1.000000
  0.000000  0.949020  0.000000  1.000000
  0.019608  1.000000  0.000000  1.000000
  0.192157  1.000000  0.000000  1.000000
  0.364706  1.000000  0.000000  1.000000
  0.537255  1.000000  0.000000  1.000000
  0.709804  1.000000  0.000000  1.000000
  0.792157  1.000000  0.000000  1.000000
  0.847059  1.000000  0.000000  1.000000
  0.905882  1.000000  0.000000  1.000000
  0.964706  1.000000  0.000000  1.000000
  1.000000  0.976471  0.000000  1.000000
  1.000000  0.917647  0.000000  1.000000
  1.000000  0.858824  0.000000  1.000000
  1.000000  0.803922  0.000000  1.000000
  1.000000  0.741176  0.000000  1.000000
  1.000000  0.568627  0.000000  1.000000
  1.000000  0.396078  0.000000  1.000000
  1.000000  0.223529  0.000000  1.000000
  1.000000  0.050980  0.000000  1.000000
  0.956863  0.074510  0.000000  1.000000
  0.901961  0.188235  0.000000  1.000000
  0.843137  0.305882  0.000000  1.000000
  0.788235  0.419608  0.000000  1.000000
  0.694118  0.533333  0.070588  1.000000
  0.521569  0.647059  0.301961  1.000000
  0.349020  0.760784  0.529412  1.000000
  0.176471  0.878431  0.756863  1.000000
  0.003922  0.992157  0.988235  1.000000
  0.000000  0.945098  1.000000  1.000000
  0.000000  0.886275  1.000000  1.000000
  0.000000  0.827451  1.000000  1.000000
  0.000000  0.772549  1.000000  1.000000
  0.000000  0.647059  1.000000  1.000000
  0.000000  0.474510  1.000000  1.000000
  0.000000  0.301961  1.000000  1.000000
  0.000000  0.129412  1.000000  1.000000
  0.050980  0.000000  1.000000  1.000000
  0.278431  0.000000  1.000000  1.000000
  0.509804  0.000000  1.000000  1.000000
  0.737255  0.000000  1.000000  1.000000
  0.968627  0.000000  1.000000  1.000000
  0.949020  0.000000  0.949020  1.000000
  0.890196  0.000000  0.890196  1.000000
  0.831373  0.000000  0.831373  1.000000
  0.776471  0.000000  0.776471  1.000000
  0.749020  0.000000  0.749020  1.000000